01101
01613
01853
02108
02114
02128
02139
02205
02904
03103
04101
04102
05751
06101
06102
06501
06511
06602
06702
06904
07097
07102
07208
07302
07395
07510
10001
10002
10029
10199
10701
13220
14240
14604
14692
14701
15201
15290
16515
18101
19104
20090
20601
21202
22314
23232
23320
23450
23501
23607
23670
23702
23707
24517
27102
27420
27511
27613
27701
28228
28302
29020
29201
29401
29501
30002
30005
30304
30608
30901
31402
31908
32203
32301
32501
32601
32802
33010
33022
33023
33024
33060
33075
33124
33125
33152
33310
33630
33730
33909
33990
34952
35203
35813
36119
36601
36701
37043
37230
37421
37950
38101
39205
40231
40511
43216
43601
44101
44309
45225
45401
46206
46207
46214
46220
46624
46802
47708
48090
48104
48201
48217
48233
48311
48502
48924
49036
49501
50318
52401
53203
53714
54303
55109
55401
57104
59044
60436
60505
60540
60607
61125
61601
62703
63155
63401
64052
64108
65101
65801
66051
66106
66204
66603
67201
67221
67276
68108
68501
70112
70113
70124
70128
70509
70826
71102
72202
73019
73125
73301
74107
74702
75006
75040
75051
75061
75074
75149
75260
76004
76161
76201
76541
76702
77201
77501
77707
78041
78284
78469
78501
78520
78705
78710
78728
79120
79402
79604
79910
80004
80017
80030
80202
80221
80525
80903
81003
82941
83708
84199
85001
85026
85201
85225
85251
85282
85296
85302
85381
85726
87101
89015
89030
89199
89510
90001
90052
90241
90301
90503
90650
90802
91103
91205
91355
91362
91505
91729
91734
91761
91769
91793
91910
92025
92054
92199
92335
92401
92507
92553
92619
92628
92647
92711
92803
92834
92842
92863
93001
93030
93065
93101
93111
93277
93380
93460
93534
93550
93706
93907
94015
94086
94102
94122
94126
94188
94206
94209
94232
94509
94520
94533
94537
94541
94544
94590
94612
94704
94801
95050
95101
95208
95350
95402
95624
95661
95813
96701
96703
96820
96861
97201
97208
97224
97229
97309
97401
98009
98101
98108
98114
98117
98413
98668
99201
99501
99503
99599
99701
99901
